5,0.5,0.5,0.02,0.233007556675
5,0.5,0.5,0.04,0.22923929471
5,0.5,0.5,0.06,0.220977329975
5,0.5,0.5,0.08,0.216685138539
5,0.5,0.5,0.1,0.217793450882
5,0.5,0.5,0.12,0.207717884131
5,0.5,0.5,0.14,0.212050377834
5,0.5,0.5,0.16,0.221924433249
5,0.5,0.5,0.18,0.215375314861
5,0.5,0.6,0.02,0.233128463476
5,0.5,0.6,0.04,0.230549118388
5,0.5,0.6,0.06,0.226458438287
5,0.5,0.6,0.08,0.225329974811
5,0.5,0.6,0.1,0.221460957179
5,0.5,0.6,0.12,0.224100755668
5,0.5,0.6,0.14,0.222690176322
5,0.5,0.6,0.16,0.221098236776
5,0.5,0.6,0.18,0.223556675063
5,0.5,0.7,0.02,0.228312342569
5,0.5,0.7,0.04,0.229521410579
5,0.5,0.7,0.06,0.231476070529
5,0.5,0.7,0.08,0.220675062972
5,0.5,0.7,0.1,0.227848866499
5,0.5,0.7,0.12,0.217511335013
5,0.5,0.7,0.14,0.223979848866
5,0.5,0.7,0.16,0.231133501259
5,0.5,0.7,0.18,0.226639798489
5,0.5,0.8,0.02,0.232584382872
5,0.5,0.8,0.04,0.232604534005
5,0.5,0.8,0.06,0.228997481108
5,0.5,0.8,0.08,0.228151133501
5,0.5,0.8,0.1,0.224382871537
5,0.5,0.8,0.12,0.219707808564
5,0.5,0.8,0.14,0.218861460957
5,0.5,0.8,0.16,0.21835768262
5,0.5,0.8,0.18,0.218942065491
5,0.5,0.9,0.02,0.231455919395
5,0.5,0.9,0.04,0.230206549118
5,0.5,0.9,0.06,0.225632241814
5,0.5,0.9,0.08,0.227385390428
5,0.5,0.9,0.1,0.219264483627
5,0.5,0.9,0.12,0.220171284635
5,0.5,0.9,0.14,0.214347607053
5,0.5,0.9,0.16,0.211264483627
5,0.5,0.9,0.18,0.21962720403
5,0.5,1.0,0.02,0.230831234257
5,0.5,1.0,0.04,0.225753148615
5,0.5,1.0,0.06,0.223717884131
5,0.5,1.0,0.08,0.228272040302
5,0.5,1.0,0.1,0.222811083123
5,0.5,1.0,0.12,0.222267002519
5,0.5,1.0,0.14,0.226236775819
5,0.5,1.0,0.16,0.217188916877
5,0.5,1.0,0.18,0.223173803526
5,0.6,0.5,0.02,0.230972292191
5,0.6,0.5,0.04,0.232060453401
5,0.6,0.5,0.06,0.231818639798
5,0.6,0.5,0.08,0.225410579345
5,0.6,0.5,0.1,0.222267002519
5,0.6,0.5,0.12,0.221944584383
5,0.6,0.5,0.14,0.218639798489
5,0.6,0.5,0.16,0.223697732997
5,0.6,0.5,0.18,0.221763224181
5,0.6,0.6,0.02,0.234458438287
5,0.6,0.6,0.04,0.231959697733
5,0.6,0.6,0.06,0.223294710327
5,0.6,0.6,0.08,0.220191435768
5,0.6,0.6,0.1,0.221501259446
5,0.6,0.6,0.12,0.219989924433
5,0.6,0.6,0.14,0.208564231738
5,0.6,0.6,0.16,0.218216624685
5,0.6,0.6,0.18,0.219768261965
5,0.6,0.7,0.02,0.227506297229
5,0.6,0.7,0.04,0.226136020151
5,0.6,0.7,0.06,0.225571788413
5,0.6,0.7,0.08,0.230831234257
5,0.6,0.7,0.1,0.217088161209
5,0.6,0.7,0.12,0.224241813602
5,0.6,0.7,0.14,0.220231738035
5,0.6,0.7,0.16,0.213944584383
5,0.6,0.7,0.18,0.214065491184
5,0.6,0.8,0.02,0.232947103275
5,0.6,0.8,0.04,0.223939546599
5,0.6,0.8,0.06,0.228977329975
5,0.6,0.8,0.08,0.225652392947
5,0.6,0.8,0.1,0.219889168766
5,0.6,0.8,0.12,0.226659949622
5,0.6,0.8,0.14,0.221098236776
5,0.6,0.8,0.16,0.221541561713
5,0.6,0.8,0.18,0.209450881612
5,0.6,0.9,0.02,0.229259445844
5,0.6,0.9,0.04,0.234377833753
5,0.6,0.9,0.06,0.227808564232
5,0.6,0.9,0.08,0.225531486146
5,0.6,0.9,0.1,0.22474559194
5,0.6,0.9,0.12,0.223415617128
5,0.6,0.9,0.14,0.216100755668
5,0.6,0.9,0.16,0.218216624685
5,0.6,0.9,0.18,0.216503778338
5,0.6,1.0,0.02,0.225108312343
5,0.6,1.0,0.04,0.223637279597
5,0.6,1.0,0.06,0.22682115869
5,0.6,1.0,0.08,0.221420654912
5,0.6,1.0,0.1,0.220231738035
5,0.6,1.0,0.12,0.216221662469
5,0.6,1.0,0.14,0.224987405542
5,0.6,1.0,0.16,0.220070528967
5,0.6,1.0,0.18,0.213682619647
5,0.7,0.5,0.02,0.234438287154
5,0.7,0.5,0.04,0.22917884131
5,0.7,0.5,0.06,0.227828715365
5,0.7,0.5,0.08,0.222871536524
5,0.7,0.5,0.1,0.220211586902
5,0.7,0.5,0.12,0.219607052897
5,0.7,0.5,0.14,0.228977329975
5,0.7,0.5,0.16,0.214911838791
5,0.7,0.5,0.18,0.208685138539
5,0.7,0.6,0.02,0.230710327456
5,0.7,0.6,0.04,0.227244332494
5,0.7,0.6,0.06,0.225471032746
5,0.7,0.6,0.08,0.230146095718
5,0.7,0.6,0.1,0.219808564232
5,0.7,0.6,0.12,0.220272040302
5,0.7,0.6,0.14,0.216282115869
5,0.7,0.6,0.16,0.220816120907
5,0.7,0.6,0.18,0.225108312343
5,0.7,0.7,0.02,0.234901763224
5,0.7,0.7,0.04,0.22923929471
5,0.7,0.7,0.06,0.229360201511
5,0.7,0.7,0.08,0.218216624685
5,0.7,0.7,0.1,0.222347607053
5,0.7,0.7,0.12,0.218397984887
5,0.7,0.7,0.14,0.218337531486
5,0.7,0.7,0.16,0.219062972292
5,0.7,0.7,0.18,0.219445843829
5,0.7,0.8,0.02,0.226801007557
5,0.7,0.8,0.04,0.23125440806
5,0.7,0.8,0.06,0.229279596977
5,0.7,0.8,0.08,0.229541561713
5,0.7,0.8,0.1,0.223032745592
5,0.7,0.8,0.12,0.223073047859
5,0.7,0.8,0.14,0.222327455919
5,0.7,0.8,0.16,0.21674559194
5,0.7,0.8,0.18,0.207052896725
5,0.7,0.9,0.02,0.22676070529
5,0.7,0.9,0.04,0.230267002519
5,0.7,0.9,0.06,0.228191435768
5,0.7,0.9,0.08,0.224181360202
5,0.7,0.9,0.1,0.222972292191
5,0.7,0.9,0.12,0.228755667506
5,0.7,0.9,0.14,0.215556675063
5,0.7,0.9,0.16,0.219143576826
5,0.7,0.9,0.18,0.2039697733
5,0.7,1.0,0.02,0.233088161209
5,0.7,1.0,0.04,0.222670025189
5,0.7,1.0,0.06,0.218841309824
5,0.7,1.0,0.08,0.226720403023
5,0.7,1.0,0.1,0.221924433249
5,0.7,1.0,0.12,0.224906801008
5,0.7,1.0,0.14,0.223697732997
5,0.7,1.0,0.16,0.21519395466
5,0.7,1.0,0.18,0.208282115869
5,0.8,0.5,0.02,0.23516372796
5,0.8,0.5,0.04,0.226236775819
5,0.8,0.5,0.06,0.230367758186
5,0.8,0.5,0.08,0.230166246851
5,0.8,0.5,0.1,0.226579345088
5,0.8,0.5,0.12,0.218921914358
5,0.8,0.5,0.14,0.22434256927
5,0.8,0.5,0.16,0.217732997481
5,0.8,0.5,0.18,0.223032745592
5,0.8,0.6,0.02,0.231133501259
5,0.8,0.6,0.04,0.227425692695
5,0.8,0.6,0.06,0.230226700252
5,0.8,0.6,0.08,0.216846347607
5,0.8,0.6,0.1,0.231959697733
5,0.8,0.6,0.12,0.214569269521
5,0.8,0.6,0.14,0.209773299748
5,0.8,0.6,0.16,0.219143576826
5,0.8,0.6,0.18,0.223415617128
5,0.8,0.7,0.02,0.22635768262
5,0.8,0.7,0.04,0.22716372796
5,0.8,0.7,0.06,0.220977329975
5,0.8,0.7,0.08,0.22595465995
5,0.8,0.7,0.1,0.227586901763
5,0.8,0.7,0.12,0.225692695214
5,0.8,0.7,0.14,0.227123425693
5,0.8,0.7,0.16,0.212171284635
5,0.8,0.7,0.18,0.212534005038
5,0.8,0.8,0.02,0.23165743073
5,0.8,0.8,0.04,0.231939546599
5,0.8,0.8,0.06,0.226801007557
5,0.8,0.8,0.08,0.229078085642
5,0.8,0.8,0.1,0.222528967254
5,0.8,0.8,0.12,0.219869017632
5,0.8,0.8,0.14,0.218438287154
5,0.8,0.8,0.16,0.219083123426
5,0.8,0.8,0.18,0.216
5,0.8,0.9,0.02,0.22762720403
5,0.8,0.9,0.04,0.227949622166
5,0.8,0.9,0.06,0.226901763224
5,0.8,0.9,0.08,0.219486146096
5,0.8,0.9,0.1,0.223274559194
5,0.8,0.9,0.12,0.216544080605
5,0.8,0.9,0.14,0.225853904282
5,0.8,0.9,0.16,0.216261964736
5,0.8,0.9,0.18,0.222146095718
5,0.8,1.0,0.02,0.229662468514
5,0.8,1.0,0.04,0.230347607053
5,0.8,1.0,0.06,0.224846347607
5,0.8,1.0,0.08,0.22964231738
5,0.8,1.0,0.1,0.224926952141
5,0.8,1.0,0.12,0.228231738035
5,0.8,1.0,0.14,0.216664987406
5,0.8,1.0,0.16,0.218075566751
5,0.8,1.0,0.18,0.211768261965
5,0.9,0.5,0.02,0.231234256927
5,0.9,0.5,0.04,0.230408060453
5,0.9,0.5,0.06,0.228997481108
5,0.9,0.5,0.08,0.223516372796
5,0.9,0.5,0.1,0.219526448363
5,0.9,0.5,0.12,0.210156171285
5,0.9,0.5,0.14,0.207516372796
5,0.9,0.5,0.16,0.21795465995
5,0.9,0.5,0.18,0.211889168766
5,0.9,0.6,0.02,0.232060453401
5,0.9,0.6,0.04,0.232020151134
5,0.9,0.6,0.06,0.22722418136
5,0.9,0.6,0.08,0.224060453401
5,0.9,0.6,0.1,0.226599496222
5,0.9,0.6,0.12,0.219365239295
5,0.9,0.6,0.14,0.22877581864
5,0.9,0.6,0.16,0.219848866499
5,0.9,0.6,0.18,0.216785894207
5,0.9,0.7,0.02,0.226680100756
5,0.9,0.7,0.04,0.228513853904
5,0.9,0.7,0.06,0.223758186398
5,0.9,0.7,0.08,0.219345088161
5,0.9,0.7,0.1,0.225188916877
5,0.9,0.7,0.12,0.225410579345
5,0.9,0.7,0.14,0.22520906801
5,0.9,0.7,0.16,0.208967254408
5,0.9,0.7,0.18,0.215052896725
5,0.9,0.8,0.02,0.228312342569
5,0.9,0.8,0.04,0.230609571788
5,0.9,0.8,0.06,0.231415617128
5,0.9,0.8,0.08,0.227989924433
5,0.9,0.8,0.1,0.224040302267
5,0.9,0.8,0.12,0.228695214106
5,0.9,0.8,0.14,0.221783375315
5,0.9,0.8,0.16,0.215717884131
5,0.9,0.8,0.18,0.211586901763
5,0.9,0.9,0.02,0.226639798489
5,0.9,0.9,0.04,0.232725440806
5,0.9,0.9,0.06,0.222891687657
5,0.9,0.9,0.08,0.227848866499
5,0.9,0.9,0.1,0.229541561713
5,0.9,0.9,0.12,0.213904282116
5,0.9,0.9,0.14,0.214911838791
5,0.9,0.9,0.16,0.213541561713
5,0.9,0.9,0.18,0.213763224181
5,0.9,1.0,0.02,0.225068010076
5,0.9,1.0,0.04,0.225874055416
5,0.9,1.0,0.06,0.228957178841
5,0.9,1.0,0.08,0.221944584383
5,0.9,1.0,0.1,0.226720403023
5,0.9,1.0,0.12,0.221319899244
5,0.9,1.0,0.14,0.226256926952
5,0.9,1.0,0.16,0.214105793451
5,0.9,1.0,0.18,0.216181360202
5,1.0,0.5,0.02,0.233088161209
5,1.0,0.5,0.04,0.225712846348
5,1.0,0.5,0.06,0.225934508816
5,1.0,0.5,0.08,0.225914357683
5,1.0,0.5,0.1,0.224624685139
5,1.0,0.5,0.12,0.217652392947
5,1.0,0.5,0.14,0.211385390428
5,1.0,0.5,0.16,0.21035768262
5,1.0,0.5,0.18,0.227284634761
5,1.0,0.6,0.02,0.233088161209
5,1.0,0.6,0.04,0.225591939547
5,1.0,0.6,0.06,0.221380352645
5,1.0,0.6,0.08,0.223697732997
5,1.0,0.6,0.1,0.225471032746
5,1.0,0.6,0.12,0.22198488665
5,1.0,0.6,0.14,0.213783375315
5,1.0,0.6,0.16,0.218377833753
5,1.0,0.6,0.18,0.223738035264
5,1.0,0.7,0.02,0.226700251889
5,1.0,0.7,0.04,0.226901763224
5,1.0,0.7,0.06,0.22204534005
5,1.0,0.7,0.08,0.227264483627
5,1.0,0.7,0.1,0.228816120907
5,1.0,0.7,0.12,0.21962720403
5,1.0,0.7,0.14,0.218216624685
5,1.0,0.7,0.16,0.21277581864
5,1.0,0.7,0.18,0.208161209068
5,1.0,0.8,0.02,0.234317380353
5,1.0,0.8,0.04,0.22837279597
5,1.0,0.8,0.06,0.226962216625
5,1.0,0.8,0.08,0.215697732997
5,1.0,0.8,0.1,0.224382871537
5,1.0,0.8,0.12,0.219284634761
5,1.0,0.8,0.14,0.220957178841
5,1.0,0.8,0.16,0.215959697733
5,1.0,0.8,0.18,0.211345088161
5,1.0,0.9,0.02,0.230146095718
5,1.0,0.9,0.04,0.233471032746
5,1.0,0.9,0.06,0.224261964736
5,1.0,0.9,0.08,0.220171284635
5,1.0,0.9,0.1,0.223073047859
5,1.0,0.9,0.12,0.224201511335
5,1.0,0.9,0.14,0.212110831234
5,1.0,0.9,0.16,0.221541561713
5,1.0,0.9,0.18,0.218962216625
5,1.0,1.0,0.02,0.230649874055
5,1.0,1.0,0.04,0.228110831234
5,1.0,1.0,0.06,0.226478589421
5,1.0,1.0,0.08,0.228090680101
5,1.0,1.0,0.1,0.2200302267
5,1.0,1.0,0.12,0.228977329975
5,1.0,1.0,0.14,0.226115869018
5,1.0,1.0,0.16,0.214105793451
5,1.0,1.0,0.18,0.220110831234
3,0.5,0.5,0.02,0.212332493703
3,0.5,0.5,0.04,0.220392947103
3,0.5,0.5,0.06,0.223516372796
3,0.5,0.5,0.08,0.208967254408
3,0.5,0.5,0.1,0.207153652393
3,0.5,0.5,0.12,0.208483627204
3,0.5,0.5,0.14,0.209450881612
3,0.5,0.5,0.16,0.210539042821
3,0.5,0.5,0.18,0.210397984887
3,0.5,0.6,0.02,0.215395465995
3,0.5,0.6,0.04,0.219647355164
3,0.5,0.6,0.06,0.223697732997
3,0.5,0.6,0.08,0.223697732997
3,0.5,0.6,0.1,0.21485138539
3,0.5,0.6,0.12,0.213460957179
3,0.5,0.6,0.14,0.217007556675
3,0.5,0.6,0.16,0.213481108312
3,0.5,0.6,0.18,0.207899244332
3,0.5,0.7,0.02,0.219264483627
3,0.5,0.7,0.04,0.216906801008
3,0.5,0.7,0.06,0.219183879093
3,0.5,0.7,0.08,0.217672544081
3,0.5,0.7,0.1,0.221501259446
3,0.5,0.7,0.12,0.212634760705
3,0.5,0.7,0.14,0.216785894207
3,0.5,0.7,0.16,0.212251889169
3,0.5,0.7,0.18,0.217874055416
3,0.5,0.8,0.02,0.215435768262
3,0.5,0.8,0.04,0.216080604534
3,0.5,0.8,0.06,0.221722921914
3,0.5,0.8,0.08,0.220735516373
3,0.5,0.8,0.1,0.219264483627
3,0.5,0.8,0.12,0.220957178841
3,0.5,0.8,0.14,0.221360201511
3,0.5,0.8,0.16,0.211425692695
3,0.5,0.8,0.18,0.212231738035
3,0.5,0.9,0.02,0.217471032746
3,0.5,0.9,0.04,0.216664987406
3,0.5,0.9,0.06,0.220211586902
3,0.5,0.9,0.08,0.220070528967
3,0.5,0.9,0.1,0.220231738035
3,0.5,0.9,0.12,0.216
3,0.5,0.9,0.14,0.219284634761
3,0.5,0.9,0.16,0.215093198992
3,0.5,0.9,0.18,0.209994962217
3,0.5,1.0,0.02,0.216664987406
3,0.5,1.0,0.04,0.219183879093
3,0.5,1.0,0.06,0.219506297229
3,0.5,1.0,0.08,0.216785894207
3,0.5,1.0,0.1,0.212191435768
3,0.5,1.0,0.12,0.215415617128
3,0.5,1.0,0.14,0.213158690176
3,0.5,1.0,0.16,0.210619647355
3,0.5,1.0,0.18,0.213279596977
3,0.6,0.5,0.02,0.212856423174
3,0.6,0.5,0.04,0.222085642317
3,0.6,0.5,0.06,0.225068010076
3,0.6,0.5,0.08,0.215899244332
3,0.6,0.5,0.1,0.216765743073
3,0.6,0.5,0.12,0.210942065491
3,0.6,0.5,0.14,0.216463476071
3,0.6,0.5,0.16,0.209894206549
3,0.6,0.5,0.18,0.201894206549
3,0.6,0.6,0.02,0.215576826196
3,0.6,0.6,0.04,0.219365239295
3,0.6,0.6,0.06,0.220231738035
3,0.6,0.6,0.08,0.217309823678
3,0.6,0.6,0.1,0.21001511335
3,0.6,0.6,0.12,0.218196473552
3,0.6,0.6,0.14,0.22164231738
3,0.6,0.6,0.16,0.2199697733
3,0.6,0.6,0.18,0.206911838791
3,0.6,0.7,0.02,0.222025188917
3,0.6,0.7,0.04,0.219284634761
3,0.6,0.7,0.06,0.217994962217
3,0.6,0.7,0.08,0.222831234257
3,0.6,0.7,0.1,0.218216624685
3,0.6,0.7,0.12,0.213219143577
3,0.6,0.7,0.14,0.213138539043
3,0.6,0.7,0.16,0.224564231738
3,0.6,0.7,0.18,0.215274559194
3,0.6,0.8,0.02,0.21525440806
3,0.6,0.8,0.04,0.213682619647
3,0.6,0.8,0.06,0.220916876574
3,0.6,0.8,0.08,0.225410579345
3,0.6,0.8,0.1,0.224322418136
3,0.6,0.8,0.12,0.213662468514
3,0.6,0.8,0.14,0.20765743073
3,0.6,0.8,0.16,0.211506297229
3,0.6,0.8,0.18,0.212554156171
3,0.6,0.9,0.02,0.217108312343
3,0.6,0.9,0.04,0.214226700252
3,0.6,0.9,0.06,0.221299748111
3,0.6,0.9,0.08,0.226639798489
3,0.6,0.9,0.1,0.219022670025
3,0.6,0.9,0.12,0.219264483627
3,0.6,0.9,0.14,0.21674559194
3,0.6,0.9,0.16,0.217047858942
3,0.6,0.9,0.18,0.216181360202
3,0.6,1.0,0.02,0.222488664987
3,0.6,1.0,0.04,0.218256926952
3,0.6,1.0,0.06,0.217108312343
3,0.6,1.0,0.08,0.220795969773
3,0.6,1.0,0.1,0.221078085642
3,0.6,1.0,0.12,0.210377833753
3,0.6,1.0,0.14,0.219889168766
3,0.6,1.0,0.16,0.217329974811
3,0.6,1.0,0.18,0.212534005038
3,0.7,0.5,0.02,0.213360201511
3,0.7,0.5,0.04,0.223858942065
3,0.7,0.5,0.06,0.220654911839
3,0.7,0.5,0.08,0.217773299748
3,0.7,0.5,0.1,0.213481108312
3,0.7,0.5,0.12,0.216846347607
3,0.7,0.5,0.14,0.216483627204
3,0.7,0.5,0.16,0.215899244332
3,0.7,0.5,0.18,0.202397984887
3,0.7,0.6,0.02,0.218861460957
3,0.7,0.6,0.04,0.2199697733
3,0.7,0.6,0.06,0.222730478589
3,0.7,0.6,0.08,0.215556675063
3,0.7,0.6,0.1,0.217007556675
3,0.7,0.6,0.12,0.209591939547
3,0.7,0.6,0.14,0.22117884131
3,0.7,0.6,0.16,0.210861460957
3,0.7,0.6,0.18,0.204957178841
3,0.7,0.7,0.02,0.221319899244
3,0.7,0.7,0.04,0.218861460957
3,0.7,0.7,0.06,0.223858942065
3,0.7,0.7,0.08,0.222327455919
3,0.7,0.7,0.1,0.217672544081
3,0.7,0.7,0.12,0.215113350126
3,0.7,0.7,0.14,0.211204030227
3,0.7,0.7,0.16,0.214125944584
3,0.7,0.7,0.18,0.208644836272
3,0.7,0.8,0.02,0.218216624685
3,0.7,0.8,0.04,0.219264483627
3,0.7,0.8,0.06,0.224201511335
3,0.7,0.8,0.08,0.225914357683
3,0.7,0.8,0.1,0.221702770781
3,0.7,0.8,0.12,0.215879093199
3,0.7,0.8,0.14,0.214629722922
3,0.7,0.8,0.16,0.212654911839
3,0.7,0.8,0.18,0.20914861461
3,0.7,0.9,0.02,0.22285138539
3,0.7,0.9,0.04,0.219002518892
3,0.7,0.9,0.06,0.215052896725
3,0.7,0.9,0.08,0.213118387909
3,0.7,0.9,0.1,0.212534005038
3,0.7,0.9,0.12,0.214287153652
3,0.7,0.9,0.14,0.215939546599
3,0.7,0.9,0.16,0.213904282116
3,0.7,0.9,0.18,0.221460957179
3,0.7,1.0,0.02,0.220292191436
3,0.7,1.0,0.04,0.215395465995
3,0.7,1.0,0.06,0.219062972292
3,0.7,1.0,0.08,0.217994962217
3,0.7,1.0,0.1,0.216322418136
3,0.7,1.0,0.12,0.219546599496
3,0.7,1.0,0.14,0.220654911839
3,0.7,1.0,0.16,0.220574307305
3,0.7,1.0,0.18,0.215758186398
3,0.8,0.5,0.02,0.222710327456
3,0.8,0.5,0.04,0.223758186398
3,0.8,0.5,0.06,0.224644836272
3,0.8,0.5,0.08,0.218337531486
3,0.8,0.5,0.1,0.220473551637
3,0.8,0.5,0.12,0.216644836272
3,0.8,0.5,0.14,0.205481108312
3,0.8,0.5,0.16,0.215435768262
3,0.8,0.5,0.18,0.217793450882
3,0.8,0.6,0.02,0.216060453401
3,0.8,0.6,0.04,0.217430730479
3,0.8,0.6,0.06,0.220695214106
3,0.8,0.6,0.08,0.216503778338
3,0.8,0.6,0.1,0.21674559194
3,0.8,0.6,0.12,0.210498740554
3,0.8,0.6,0.14,0.214065491184
3,0.8,0.6,0.16,0.220554156171
3,0.8,0.6,0.18,0.210337531486
3,0.8,0.7,0.02,0.221319899244
3,0.8,0.7,0.04,0.221340050378
3,0.8,0.7,0.06,0.219284634761
3,0.8,0.7,0.08,0.222367758186
3,0.8,0.7,0.1,0.207556675063
3,0.8,0.7,0.12,0.213722921914
3,0.8,0.7,0.14,0.214488664987
3,0.8,0.7,0.16,0.215939546599
3,0.8,0.7,0.18,0.216161209068
3,0.8,0.8,0.02,0.220272040302
3,0.8,0.8,0.04,0.22474559194
3,0.8,0.8,0.06,0.219607052897
3,0.8,0.8,0.08,0.223979848866
3,0.8,0.8,0.1,0.212191435768
3,0.8,0.8,0.12,0.216080604534
3,0.8,0.8,0.14,0.219929471033
3,0.8,0.8,0.16,0.217188916877
3,0.8,0.8,0.18,0.217571788413
3,0.8,0.9,0.02,0.215133501259
3,0.8,0.9,0.04,0.222005037783
3,0.8,0.9,0.06,0.223697732997
3,0.8,0.9,0.08,0.22917884131
3,0.8,0.9,0.1,0.21674559194
3,0.8,0.9,0.12,0.216503778338
3,0.8,0.9,0.14,0.224040302267
3,0.8,0.9,0.16,0.215899244332
3,0.8,0.9,0.18,0.208624685139
3,0.8,1.0,0.02,0.219647355164
3,0.8,1.0,0.04,0.222710327456
3,0.8,1.0,0.06,0.225732997481
3,0.8,1.0,0.08,0.221420654912
3,0.8,1.0,0.1,0.221057934509
3,0.8,1.0,0.12,0.223516372796
3,0.8,1.0,0.14,0.224161209068
3,0.8,1.0,0.16,0.219143576826
3,0.8,1.0,0.18,0.216765743073
3,0.9,0.5,0.02,0.221803526448
3,0.9,0.5,0.04,0.219828715365
3,0.9,0.5,0.06,0.225874055416
3,0.9,0.5,0.08,0.215617128463
3,0.9,0.5,0.1,0.21841813602
3,0.9,0.5,0.12,0.220795969773
3,0.9,0.5,0.14,0.216040302267
3,0.9,0.5,0.16,0.214811083123
3,0.9,0.5,0.18,0.219042821159
3,0.9,0.6,0.02,0.218720403023
3,0.9,0.6,0.04,0.218680100756
3,0.9,0.6,0.06,0.221198992443
3,0.9,0.6,0.08,0.218115869018
3,0.9,0.6,0.1,0.218297229219
3,0.9,0.6,0.12,0.20874559194
3,0.9,0.6,0.14,0.211828715365
3,0.9,0.6,0.16,0.217491183879
3,0.9,0.6,0.18,0.212876574307
3,0.9,0.7,0.02,0.219848866499
3,0.9,0.7,0.04,0.219828715365
3,0.9,0.7,0.06,0.219244332494
3,0.9,0.7,0.08,0.223173803526
3,0.9,0.7,0.1,0.213198992443
3,0.9,0.7,0.12,0.215838790932
3,0.9,0.7,0.14,0.215093198992
3,0.9,0.7,0.16,0.211385390428
3,0.9,0.7,0.18,0.210136020151
3,0.9,0.8,0.02,0.214065491184
3,0.9,0.8,0.04,0.220231738035
3,0.9,0.8,0.06,0.220957178841
3,0.9,0.8,0.08,0.220312342569
3,0.9,0.8,0.1,0.217773299748
3,0.9,0.8,0.12,0.214206549118
3,0.9,0.8,0.14,0.215697732997
3,0.9,0.8,0.16,0.219304785894
3,0.9,0.8,0.18,0.215032745592
3,0.9,0.9,0.02,0.219848866499
3,0.9,0.9,0.04,0.222488664987
3,0.9,0.9,0.06,0.223939546599
3,0.9,0.9,0.08,0.220634760705
3,0.9,0.9,0.1,0.222589420655
3,0.9,0.9,0.12,0.214428211587
3,0.9,0.9,0.14,0.218942065491
3,0.9,0.9,0.16,0.224725440806
3,0.9,0.9,0.18,0.216060453401
3,0.9,1.0,0.02,0.219828715365
3,0.9,1.0,0.04,0.219909319899
3,0.9,1.0,0.06,0.218720403023
3,0.9,1.0,0.08,0.22083627204
3,0.9,1.0,0.1,0.218256926952
3,0.9,1.0,0.12,0.221380352645
3,0.9,1.0,0.14,0.22238790932
3,0.9,1.0,0.16,0.216161209068
3,0.9,1.0,0.18,0.223556675063
3,1.0,0.5,0.02,0.221420654912
3,1.0,0.5,0.04,0.216503778338
3,1.0,0.5,0.06,0.218035264484
3,1.0,0.5,0.08,0.223093198992
3,1.0,0.5,0.1,0.223133501259
3,1.0,0.5,0.12,0.215335012594
3,1.0,0.5,0.14,0.220392947103
3,1.0,0.5,0.16,0.21559697733
3,1.0,0.5,0.18,0.218115869018
3,1.0,0.6,0.02,0.218458438287
3,1.0,0.6,0.04,0.218277078086
3,1.0,0.6,0.06,0.222408060453
3,1.0,0.6,0.08,0.214811083123
3,1.0,0.6,0.1,0.218035264484
3,1.0,0.6,0.12,0.214730478589
3,1.0,0.6,0.14,0.211909319899
3,1.0,0.6,0.16,0.214488664987
3,1.0,0.6,0.18,0.221158690176
3,1.0,0.7,0.02,0.220171284635
3,1.0,0.7,0.04,0.215032745592
3,1.0,0.7,0.06,0.218115869018
3,1.0,0.7,0.08,0.21237279597
3,1.0,0.7,0.1,0.217430730479
3,1.0,0.7,0.12,0.217914357683
3,1.0,0.7,0.14,0.218921914358
3,1.0,0.7,0.16,0.215234256927
3,1.0,0.7,0.18,0.217430730479
3,1.0,0.8,0.02,0.215133501259
3,1.0,0.8,0.04,0.216302267003
3,1.0,0.8,0.06,0.223617128463
3,1.0,0.8,0.08,0.226901763224
3,1.0,0.8,0.1,0.221319899244
3,1.0,0.8,0.12,0.215879093199
3,1.0,0.8,0.14,0.219486146096
3,1.0,0.8,0.16,0.220010075567
3,1.0,0.8,0.18,0.21680604534
3,1.0,0.9,0.02,0.2199697733
3,1.0,0.9,0.04,0.216161209068
3,1.0,0.9,0.06,0.22037279597
3,1.0,0.9,0.08,0.222831234257
3,1.0,0.9,0.1,0.217591939547
3,1.0,0.9,0.12,0.221017632242
3,1.0,0.9,0.14,0.219425692695
3,1.0,0.9,0.16,0.221118387909
3,1.0,0.9,0.18,0.21485138539
3,1.0,1.0,0.02,0.214569269521
3,1.0,1.0,0.04,0.216080604534
3,1.0,1.0,0.06,0.218559193955
3,1.0,1.0,0.08,0.224987405542
3,1.0,1.0,0.1,0.21485138539
3,1.0,1.0,0.12,0.219929471033
3,1.0,1.0,0.14,0.222629722922
3,1.0,1.0,0.16,0.226095717884
3,1.0,1.0,0.18,0.222468513854
4,0.5,0.5,0.02,0.226680100756
4,0.5,0.5,0.04,0.221118387909
4,0.5,0.5,0.06,0.225652392947
4,0.5,0.5,0.08,0.220070528967
4,0.5,0.5,0.1,0.218498740554
4,0.5,0.5,0.12,0.223697732997
4,0.5,0.5,0.14,0.212110831234
4,0.5,0.5,0.16,0.215395465995
4,0.5,0.5,0.18,0.214811083123
4,0.5,0.6,0.02,0.224523929471
4,0.5,0.6,0.04,0.227707808564
4,0.5,0.6,0.06,0.221541561713
4,0.5,0.6,0.08,0.221138539043
4,0.5,0.6,0.1,0.214609571788
4,0.5,0.6,0.12,0.220413098237
4,0.5,0.6,0.14,0.214952141058
4,0.5,0.6,0.16,0.211042821159
4,0.5,0.6,0.18,0.218680100756
4,0.5,0.7,0.02,0.222750629723
4,0.5,0.7,0.04,0.225229219144
4,0.5,0.7,0.06,0.224040302267
4,0.5,0.7,0.08,0.227989924433
4,0.5,0.7,0.1,0.217874055416
4,0.5,0.7,0.12,0.213682619647
4,0.5,0.7,0.14,0.217430730479
4,0.5,0.7,0.16,0.21714861461
4,0.5,0.7,0.18,0.218035264484
4,0.5,0.8,0.02,0.223838790932
4,0.5,0.8,0.04,0.232302267003
4,0.5,0.8,0.06,0.225430730479
4,0.5,0.8,0.08,0.227183879093
4,0.5,0.8,0.1,0.225894206549
4,0.5,0.8,0.12,0.222408060453
4,0.5,0.8,0.14,0.216967254408
4,0.5,0.8,0.16,0.219586901763
4,0.5,0.8,0.18,0.22123929471
4,0.5,0.9,0.02,0.224785894207
4,0.5,0.9,0.04,0.223979848866
4,0.5,0.9,0.06,0.226498740554
4,0.5,0.9,0.08,0.226901763224
4,0.5,0.9,0.1,0.223838790932
4,0.5,0.9,0.12,0.214992443325
4,0.5,0.9,0.14,0.221299748111
4,0.5,0.9,0.16,0.210619647355
4,0.5,0.9,0.18,0.20914861461
4,0.5,1.0,0.02,0.221198992443
4,0.5,1.0,0.04,0.218740554156
4,0.5,1.0,0.06,0.226680100756
4,0.5,1.0,0.08,0.219183879093
4,0.5,1.0,0.1,0.218861460957
4,0.5,1.0,0.12,0.219607052897
4,0.5,1.0,0.14,0.226639798489
4,0.5,1.0,0.16,0.213259445844
4,0.5,1.0,0.18,0.226740554156
4,0.6,0.5,0.02,0.224423173804
4,0.6,0.5,0.04,0.225229219144
4,0.6,0.5,0.06,0.222710327456
4,0.6,0.5,0.08,0.221098236776
4,0.6,0.5,0.1,0.217531486146
4,0.6,0.5,0.12,0.218982367758
4,0.6,0.5,0.14,0.217894206549
4,0.6,0.5,0.16,0.221259445844
4,0.6,0.5,0.18,0.217813602015
4,0.6,0.6,0.02,0.225692695214
4,0.6,0.6,0.04,0.225370277078
4,0.6,0.6,0.06,0.222569269521
4,0.6,0.6,0.08,0.222931989924
4,0.6,0.6,0.1,0.212755667506
4,0.6,0.6,0.12,0.222831234257
4,0.6,0.6,0.14,0.219324937028
4,0.6,0.6,0.16,0.226780856423
4,0.6,0.6,0.18,0.212211586902
4,0.6,0.7,0.02,0.224181360202
4,0.6,0.7,0.04,0.228392947103
4,0.6,0.7,0.06,0.231073047859
4,0.6,0.7,0.08,0.22958186398
4,0.6,0.7,0.1,0.22555163728
4,0.6,0.7,0.12,0.225813602015
4,0.6,0.7,0.14,0.220392947103
4,0.6,0.7,0.16,0.213198992443
4,0.6,0.7,0.18,0.22164231738
4,0.6,0.8,0.02,0.224685138539
4,0.6,0.8,0.04,0.226055415617
4,0.6,0.8,0.06,0.225712846348
4,0.6,0.8,0.08,0.229198992443
4,0.6,0.8,0.1,0.223314861461
4,0.6,0.8,0.12,0.219727959698
4,0.6,0.8,0.14,0.226277078086
4,0.6,0.8,0.16,0.218115869018
4,0.6,0.8,0.18,0.213299748111
4,0.6,0.9,0.02,0.228231738035
4,0.6,0.9,0.04,0.226780856423
4,0.6,0.9,0.06,0.227002518892
4,0.6,0.9,0.08,0.225450881612
4,0.6,0.9,0.1,0.2279697733
4,0.6,0.9,0.12,0.221602015113
4,0.6,0.9,0.14,0.220513853904
4,0.6,0.9,0.16,0.206408060453
4,0.6,0.9,0.18,0.204292191436
4,0.6,1.0,0.02,0.222710327456
4,0.6,1.0,0.04,0.222125944584
4,0.6,1.0,0.06,0.223435768262
4,0.6,1.0,0.08,0.221380352645
4,0.6,1.0,0.1,0.219869017632
4,0.6,1.0,0.12,0.213541561713
4,0.6,1.0,0.14,0.215979848866
4,0.6,1.0,0.16,0.223314861461
4,0.6,1.0,0.18,0.216886649874
4,0.7,0.5,0.02,0.227607052897
4,0.7,0.5,0.04,0.225088161209
4,0.7,0.5,0.06,0.223758186398
4,0.7,0.5,0.08,0.226921914358
4,0.7,0.5,0.1,0.219707808564
4,0.7,0.5,0.12,0.219727959698
4,0.7,0.5,0.14,0.211607052897
4,0.7,0.5,0.16,0.204554156171
4,0.7,0.5,0.18,0.214992443325
4,0.7,0.6,0.02,0.225833753149
4,0.7,0.6,0.04,0.225914357683
4,0.7,0.6,0.06,0.22722418136
4,0.7,0.6,0.08,0.217994962217
4,0.7,0.6,0.1,0.222105793451
4,0.7,0.6,0.12,0.226801007557
4,0.7,0.6,0.14,0.221098236776
4,0.7,0.6,0.16,0.22325440806
4,0.7,0.6,0.18,0.221319899244
4,0.7,0.7,0.02,0.229682619647
4,0.7,0.7,0.04,0.227123425693
4,0.7,0.7,0.06,0.221763224181
4,0.7,0.7,0.08,0.225410579345
4,0.7,0.7,0.1,0.220554156171
4,0.7,0.7,0.12,0.218236775819
4,0.7,0.7,0.14,0.222267002519
4,0.7,0.7,0.16,0.214186397985
4,0.7,0.7,0.18,0.21519395466
4,0.7,0.8,0.02,0.227264483627
4,0.7,0.8,0.04,0.232584382872
4,0.7,0.8,0.06,0.227768261965
4,0.7,0.8,0.08,0.228856423174
4,0.7,0.8,0.1,0.220090680101
4,0.7,0.8,0.12,0.212695214106
4,0.7,0.8,0.14,0.221924433249
4,0.7,0.8,0.16,0.223234256927
4,0.7,0.8,0.18,0.218377833753
4,0.7,0.9,0.02,0.223939546599
4,0.7,0.9,0.04,0.230226700252
4,0.7,0.9,0.06,0.225249370277
4,0.7,0.9,0.08,0.22077581864
4,0.7,0.9,0.1,0.223415617128
4,0.7,0.9,0.12,0.221924433249
4,0.7,0.9,0.14,0.21876070529
4,0.7,0.9,0.16,0.21559697733
4,0.7,0.9,0.18,0.219083123426
4,0.7,1.0,0.02,0.228392947103
4,0.7,1.0,0.04,0.223093198992
4,0.7,1.0,0.06,0.227123425693
4,0.7,1.0,0.08,0.220755667506
4,0.7,1.0,0.1,0.221722921914
4,0.7,1.0,0.12,0.221803526448
4,0.7,1.0,0.14,0.221904282116
4,0.7,1.0,0.16,0.21525440806
4,0.7,1.0,0.18,0.222750629723
4,0.8,0.5,0.02,0.227748110831
4,0.8,0.5,0.04,0.226196473552
4,0.8,0.5,0.06,0.217108312343
4,0.8,0.5,0.08,0.218962216625
4,0.8,0.5,0.1,0.221561712846
4,0.8,0.5,0.12,0.224080604534
4,0.8,0.5,0.14,0.22285138539
4,0.8,0.5,0.16,0.217450881612
4,0.8,0.5,0.18,0.210700251889
4,0.8,0.6,0.02,0.220090680101
4,0.8,0.6,0.04,0.226216624685
4,0.8,0.6,0.06,0.220856423174
4,0.8,0.6,0.08,0.221763224181
4,0.8,0.6,0.1,0.219607052897
4,0.8,0.6,0.12,0.213219143577
4,0.8,0.6,0.14,0.217229219144
4,0.8,0.6,0.16,0.219949622166
4,0.8,0.6,0.18,0.199677581864
4,0.8,0.7,0.02,0.227143576826
4,0.8,0.7,0.04,0.223133501259
4,0.8,0.7,0.06,0.223717884131
4,0.8,0.7,0.08,0.223717884131
4,0.8,0.7,0.1,0.220997481108
4,0.8,0.7,0.12,0.211546599496
4,0.8,0.7,0.14,0.214629722922
4,0.8,0.7,0.16,0.215476070529
4,0.8,0.7,0.18,0.212392947103
4,0.8,0.8,0.02,0.226438287154
4,0.8,0.8,0.04,0.22244836272
4,0.8,0.8,0.06,0.226136020151
4,0.8,0.8,0.08,0.218216624685
4,0.8,0.8,0.1,0.218277078086
4,0.8,0.8,0.12,0.223415617128
4,0.8,0.8,0.14,0.226236775819
4,0.8,0.8,0.16,0.214589420655
4,0.8,0.8,0.18,0.214871536524
4,0.8,0.9,0.02,0.222811083123
4,0.8,0.9,0.04,0.22601511335
4,0.8,0.9,0.06,0.230730478589
4,0.8,0.9,0.08,0.224664987406
4,0.8,0.9,0.1,0.223818639798
4,0.8,0.9,0.12,0.213098236776
4,0.8,0.9,0.14,0.21565743073
4,0.8,0.9,0.16,0.221521410579
4,0.8,0.9,0.18,0.209390428212
4,0.8,1.0,0.02,0.226478589421
4,0.8,1.0,0.04,0.225813602015
4,0.8,1.0,0.06,0.219244332494
4,0.8,1.0,0.08,0.223758186398
4,0.8,1.0,0.1,0.22244836272
4,0.8,1.0,0.12,0.219042821159
4,0.8,1.0,0.14,0.222690176322
4,0.8,1.0,0.16,0.218962216625
4,0.8,1.0,0.18,0.221078085642
4,0.9,0.5,0.02,0.226236775819
4,0.9,0.5,0.04,0.228151133501
4,0.9,0.5,0.06,0.227304785894
4,0.9,0.5,0.08,0.226095717884
4,0.9,0.5,0.1,0.222287153652
4,0.9,0.5,0.12,0.217088161209
4,0.9,0.5,0.14,0.212110831234
4,0.9,0.5,0.16,0.215617128463
4,0.9,0.5,0.18,0.205057934509
4,0.9,0.6,0.02,0.226962216625
4,0.9,0.6,0.04,0.22434256927
4,0.9,0.6,0.06,0.221924433249
4,0.9,0.6,0.08,0.224443324937
4,0.9,0.6,0.1,0.22198488665
4,0.9,0.6,0.12,0.211828715365
4,0.9,0.6,0.14,0.216503778338
4,0.9,0.6,0.16,0.21479093199
4,0.9,0.6,0.18,0.212171284635
4,0.9,0.7,0.02,0.227284634761
4,0.9,0.7,0.04,0.224886649874
4,0.9,0.7,0.06,0.222831234257
4,0.9,0.7,0.08,0.214649874055
4,0.9,0.7,0.1,0.228654911839
4,0.9,0.7,0.12,0.219929471033
4,0.9,0.7,0.14,0.219445843829
4,0.9,0.7,0.16,0.211345088161
4,0.9,0.7,0.18,0.222931989924
4,0.9,0.8,0.02,0.224584382872
4,0.9,0.8,0.04,0.230710327456
4,0.9,0.8,0.06,0.223496221662
4,0.9,0.8,0.08,0.222690176322
4,0.9,0.8,0.1,0.222347607053
4,0.9,0.8,0.12,0.224685138539
4,0.9,0.8,0.14,0.227909319899
4,0.9,0.8,0.16,0.211707808564
4,0.9,0.8,0.18,0.208584382872
4,0.9,0.9,0.02,0.228110831234
4,0.9,0.9,0.04,0.227506297229
4,0.9,0.9,0.06,0.228211586902
4,0.9,0.9,0.08,0.222267002519
4,0.9,0.9,0.1,0.221319899244
4,0.9,0.9,0.12,0.21882115869
4,0.9,0.9,0.14,0.21001511335
4,0.9,0.9,0.16,0.218277078086
4,0.9,0.9,0.18,0.217874055416
4,0.9,1.0,0.02,0.224765743073
4,0.9,1.0,0.04,0.224040302267
4,0.9,1.0,0.06,0.219707808564
4,0.9,1.0,0.08,0.221481108312
4,0.9,1.0,0.1,0.227989924433
4,0.9,1.0,0.12,0.221662468514
4,0.9,1.0,0.14,0.219062972292
4,0.9,1.0,0.16,0.212312342569
4,0.9,1.0,0.18,0.220211586902
4,1.0,0.5,0.02,0.227486146096
4,1.0,0.5,0.04,0.230206549118
4,1.0,0.5,0.06,0.220634760705
4,1.0,0.5,0.08,0.222750629723
4,1.0,0.5,0.1,0.22285138539
4,1.0,0.5,0.12,0.220755667506
4,1.0,0.5,0.14,0.207758186398
4,1.0,0.5,0.16,0.218115869018
4,1.0,0.5,0.18,0.20759697733
4,1.0,0.6,0.02,0.229319899244
4,1.0,0.6,0.04,0.226539042821
4,1.0,0.6,0.06,0.219647355164
4,1.0,0.6,0.08,0.216020151134
4,1.0,0.6,0.1,0.221682619647
4,1.0,0.6,0.12,0.221138539043
4,1.0,0.6,0.14,0.217894206549
4,1.0,0.6,0.16,0.21444836272
4,1.0,0.6,0.18,0.20914861461
4,1.0,0.7,0.02,0.222166246851
4,1.0,0.7,0.04,0.222146095718
4,1.0,0.7,0.06,0.221944584383
4,1.0,0.7,0.08,0.225188916877
4,1.0,0.7,0.1,0.219405541562
4,1.0,0.7,0.12,0.223133501259
4,1.0,0.7,0.14,0.224201511335
4,1.0,0.7,0.16,0.216947103275
4,1.0,0.7,0.18,0.216886649874
4,1.0,0.8,0.02,0.227788413098
4,1.0,0.8,0.04,0.227748110831
4,1.0,0.8,0.06,0.226277078086
4,1.0,0.8,0.08,0.220413098237
4,1.0,0.8,0.1,0.22198488665
4,1.0,0.8,0.12,0.222670025189
4,1.0,0.8,0.14,0.221299748111
4,1.0,0.8,0.16,0.222609571788
4,1.0,0.8,0.18,0.214770780856
4,1.0,0.9,0.02,0.22440302267
4,1.0,0.9,0.04,0.23125440806
4,1.0,0.9,0.06,0.229259445844
4,1.0,0.9,0.08,0.22365743073
4,1.0,0.9,0.1,0.21841813602
4,1.0,0.9,0.12,0.222125944584
4,1.0,0.9,0.14,0.223496221662
4,1.0,0.9,0.16,0.218216624685
4,1.0,0.9,0.18,0.21485138539
4,1.0,1.0,0.02,0.22319395466
4,1.0,1.0,0.04,0.222105793451
4,1.0,1.0,0.06,0.226498740554
4,1.0,1.0,0.08,0.228675062972
4,1.0,1.0,0.1,0.220554156171
4,1.0,1.0,0.12,0.22083627204
4,1.0,1.0,0.14,0.213138539043
4,1.0,1.0,0.16,0.224161209068
4,1.0,1.0,0.18,0.215778337531
6,0.5,0.5,0.02,0.239153652393
6,0.5,0.5,0.04,0.232261964736
6,0.5,0.5,0.06,0.224765743073
6,0.5,0.5,0.08,0.220675062972
6,0.5,0.5,0.1,0.223899244332
6,0.5,0.5,0.12,0.221481108312
6,0.5,0.5,0.14,0.215556675063
6,0.5,0.5,0.16,0.215979848866
6,0.5,0.5,0.18,0.212392947103
6,0.5,0.6,0.02,0.235385390428
6,0.5,0.6,0.04,0.231496221662
6,0.5,0.6,0.06,0.223032745592
6,0.5,0.6,0.08,0.217692695214
6,0.5,0.6,0.1,0.227949622166
6,0.5,0.6,0.12,0.222246851385
6,0.5,0.6,0.14,0.223758186398
6,0.5,0.6,0.16,0.220695214106
6,0.5,0.6,0.18,0.220997481108
6,0.5,0.7,0.02,0.230005037783
6,0.5,0.7,0.04,0.232967254408
6,0.5,0.7,0.06,0.229964735516
6,0.5,0.7,0.08,0.219989924433
6,0.5,0.7,0.1,0.217793450882
6,0.5,0.7,0.12,0.218700251889
6,0.5,0.7,0.14,0.218680100756
6,0.5,0.7,0.16,0.217914357683
6,0.5,0.7,0.18,0.213118387909
6,0.5,0.8,0.02,0.233692695214
6,0.5,0.8,0.04,0.233632241814
6,0.5,0.8,0.06,0.226921914358
6,0.5,0.8,0.08,0.223294710327
6,0.5,0.8,0.1,0.226438287154
6,0.5,0.8,0.12,0.218156171285
6,0.5,0.8,0.14,0.222710327456
6,0.5,0.8,0.16,0.212916876574
6,0.5,0.8,0.18,0.210982367758
6,0.5,0.9,0.02,0.236856423174
6,0.5,0.9,0.04,0.235889168766
6,0.5,0.9,0.06,0.232282115869
6,0.5,0.9,0.08,0.22365743073
6,0.5,0.9,0.1,0.228594458438
6,0.5,0.9,0.12,0.221319899244
6,0.5,0.9,0.14,0.215375314861
6,0.5,0.9,0.16,0.206770780856
6,0.5,0.9,0.18,0.208120906801
6,0.5,1.0,0.02,0.232846347607
6,0.5,1.0,0.04,0.231314861461
6,0.5,1.0,0.06,0.233833753149
6,0.5,1.0,0.08,0.233229219144
6,0.5,1.0,0.1,0.226035264484
6,0.5,1.0,0.12,0.223778337531
6,0.5,1.0,0.14,0.218901763224
6,0.5,1.0,0.16,0.210579345088
6,0.5,1.0,0.18,0.211607052897
6,0.6,0.5,0.02,0.237783375315
6,0.6,0.5,0.04,0.232080604534
6,0.6,0.5,0.06,0.23320906801
6,0.6,0.5,0.08,0.224322418136
6,0.6,0.5,0.1,0.220413098237
6,0.6,0.5,0.12,0.217994962217
6,0.6,0.5,0.14,0.228675062972
6,0.6,0.5,0.16,0.211869017632
6,0.6,0.5,0.18,0.209894206549
6,0.6,0.6,0.02,0.228352644836
6,0.6,0.6,0.04,0.233934508816
6,0.6,0.6,0.06,0.22722418136
6,0.6,0.6,0.08,0.218055415617
6,0.6,0.6,0.1,0.223314861461
6,0.6,0.6,0.12,0.225531486146
6,0.6,0.6,0.14,0.225914357683
6,0.6,0.6,0.16,0.219607052897
6,0.6,0.6,0.18,0.217329974811
6,0.6,0.7,0.02,0.236010075567
6,0.6,0.7,0.04,0.228977329975
6,0.6,0.7,0.06,0.229057934509
6,0.6,0.7,0.08,0.222831234257
6,0.6,0.7,0.1,0.22682115869
6,0.6,0.7,0.12,0.218478589421
6,0.6,0.7,0.14,0.227284634761
6,0.6,0.7,0.16,0.217632241814
6,0.6,0.7,0.18,0.205622166247
6,0.6,0.8,0.02,0.234438287154
6,0.6,0.8,0.04,0.231717884131
6,0.6,0.8,0.06,0.225793450882
6,0.6,0.8,0.08,0.225652392947
6,0.6,0.8,0.1,0.225591939547
6,0.6,0.8,0.12,0.227304785894
6,0.6,0.8,0.14,0.221803526448
6,0.6,0.8,0.16,0.220171284635
6,0.6,0.8,0.18,0.218458438287
6,0.6,0.9,0.02,0.23401511335
6,0.6,0.9,0.04,0.228070528967
6,0.6,0.9,0.06,0.224040302267
6,0.6,0.9,0.08,0.227365239295
6,0.6,0.9,0.1,0.222025188917
6,0.6,0.9,0.12,0.223879093199
6,0.6,0.9,0.14,0.216604534005
6,0.6,0.9,0.16,0.212997481108
6,0.6,0.9,0.18,0.213803526448
6,0.6,1.0,0.02,0.227848866499
6,0.6,1.0,0.04,0.224322418136
6,0.6,1.0,0.06,0.227385390428
6,0.6,1.0,0.08,0.224926952141
6,0.6,1.0,0.1,0.221017632242
6,0.6,1.0,0.12,0.225672544081
6,0.6,1.0,0.14,0.216141057935
6,0.6,1.0,0.16,0.21162720403
6,0.6,1.0,0.18,0.201269521411
6,0.7,0.5,0.02,0.232725440806
6,0.7,0.5,0.04,0.231294710327
6,0.7,0.5,0.06,0.230327455919
6,0.7,0.5,0.08,0.22762720403
6,0.7,0.5,0.1,0.221541561713
6,0.7,0.5,0.12,0.227647355164
6,0.7,0.5,0.14,0.223697732997
6,0.7,0.5,0.16,0.219204030227
6,0.7,0.5,0.18,0.211405541562
6,0.7,0.6,0.02,0.231455919395
6,0.7,0.6,0.04,0.2360302267
6,0.7,0.6,0.06,0.228413098237
6,0.7,0.6,0.08,0.223959697733
6,0.7,0.6,0.1,0.219445843829
6,0.7,0.6,0.12,0.219062972292
6,0.7,0.6,0.14,0.224926952141
6,0.7,0.6,0.16,0.21358186398
6,0.7,0.6,0.18,0.218136020151
6,0.7,0.7,0.02,0.230367758186
6,0.7,0.7,0.04,0.230206549118
6,0.7,0.7,0.06,0.227284634761
6,0.7,0.7,0.08,0.226801007557
6,0.7,0.7,0.1,0.224382871537
6,0.7,0.7,0.12,0.215496221662
6,0.7,0.7,0.14,0.221319899244
6,0.7,0.7,0.16,0.209894206549
6,0.7,0.7,0.18,0.215738035264
6,0.7,0.8,0.02,0.23435768262
6,0.7,0.8,0.04,0.227022670025
6,0.7,0.8,0.06,0.230831234257
6,0.7,0.8,0.08,0.228755667506
6,0.7,0.8,0.1,0.233370277078
6,0.7,0.8,0.12,0.224322418136
6,0.7,0.8,0.14,0.216503778338
6,0.7,0.8,0.16,0.221460957179
6,0.7,0.8,0.18,0.204876574307
6,0.7,0.9,0.02,0.235264483627
6,0.7,0.9,0.04,0.235244332494
6,0.7,0.9,0.06,0.224906801008
6,0.7,0.9,0.08,0.230367758186
6,0.7,0.9,0.1,0.227042821159
6,0.7,0.9,0.12,0.216644836272
6,0.7,0.9,0.14,0.212171284635
6,0.7,0.9,0.16,0.214226700252
6,0.7,0.9,0.18,0.219869017632
6,0.7,1.0,0.02,0.231576826196
6,0.7,1.0,0.04,0.224765743073
6,0.7,1.0,0.06,0.226559193955
6,0.7,1.0,0.08,0.226901763224
6,0.7,1.0,0.1,0.221884130982
6,0.7,1.0,0.12,0.232261964736
6,0.7,1.0,0.14,0.212795969773
6,0.7,1.0,0.16,0.211143576826
6,0.7,1.0,0.18,0.20638790932
6,0.8,0.5,0.02,0.232624685139
6,0.8,0.5,0.04,0.234921914358
6,0.8,0.5,0.06,0.233410579345
6,0.8,0.5,0.08,0.223032745592
6,0.8,0.5,0.1,0.222347607053
6,0.8,0.5,0.12,0.216685138539
6,0.8,0.5,0.14,0.219022670025
6,0.8,0.5,0.16,0.217471032746
6,0.8,0.5,0.18,0.208120906801
6,0.8,0.6,0.02,0.235103274559
6,0.8,0.6,0.04,0.236735516373
6,0.8,0.6,0.06,0.225934508816
6,0.8,0.6,0.08,0.218579345088
6,0.8,0.6,0.1,0.2200302267
6,0.8,0.6,0.12,0.225410579345
6,0.8,0.6,0.14,0.221279596977
6,0.8,0.6,0.16,0.214569269521
6,0.8,0.6,0.18,0.218236775819
6,0.8,0.7,0.02,0.233894206549
6,0.8,0.7,0.04,0.226438287154
6,0.8,0.7,0.06,0.232886649874
6,0.8,0.7,0.08,0.221662468514
6,0.8,0.7,0.1,0.229319899244
6,0.8,0.7,0.12,0.225249370277
6,0.8,0.7,0.14,0.233833753149
6,0.8,0.7,0.16,0.217773299748
6,0.8,0.7,0.18,0.218982367758
6,0.8,0.8,0.02,0.236332493703
6,0.8,0.8,0.04,0.228795969773
6,0.8,0.8,0.06,0.221541561713
6,0.8,0.8,0.08,0.227647355164
6,0.8,0.8,0.1,0.227365239295
6,0.8,0.8,0.12,0.220896725441
6,0.8,0.8,0.14,0.221823677582
6,0.8,0.8,0.16,0.20914861461
6,0.8,0.8,0.18,0.213884130982
6,0.8,0.9,0.02,0.230206549118
6,0.8,0.9,0.04,0.229763224181
6,0.8,0.9,0.06,0.228896725441
6,0.8,0.9,0.08,0.224382871537
6,0.8,0.9,0.1,0.225450881612
6,0.8,0.9,0.12,0.224523929471
6,0.8,0.9,0.14,0.213299748111
6,0.8,0.9,0.16,0.21876070529
6,0.8,0.9,0.18,0.207153652393
6,0.8,1.0,0.02,0.235707808564
6,0.8,1.0,0.04,0.224261964736
6,0.8,1.0,0.06,0.223617128463
6,0.8,1.0,0.08,0.227385390428
6,0.8,1.0,0.1,0.229884130982
6,0.8,1.0,0.12,0.212231738035
6,0.8,1.0,0.14,0.21479093199
6,0.8,1.0,0.16,0.214528967254
6,0.8,1.0,0.18,0.212392947103
6,0.9,0.5,0.02,0.234861460957
6,0.9,0.5,0.04,0.228896725441
6,0.9,0.5,0.06,0.226841309824
6,0.9,0.5,0.08,0.223959697733
6,0.9,0.5,0.1,0.220493702771
6,0.9,0.5,0.12,0.230408060453
6,0.9,0.5,0.14,0.219848866499
6,0.9,0.5,0.16,0.212292191436
6,0.9,0.5,0.18,0.208201511335
6,0.9,0.6,0.02,0.230931989924
6,0.9,0.6,0.04,0.237863979849
6,0.9,0.6,0.06,0.225914357683
6,0.9,0.6,0.08,0.228997481108
6,0.9,0.6,0.1,0.215818639798
6,0.9,0.6,0.12,0.210680100756
6,0.9,0.6,0.14,0.218700251889
6,0.9,0.6,0.16,0.217329974811
6,0.9,0.6,0.18,0.215415617128
6,0.9,0.7,0.02,0.23125440806
6,0.9,0.7,0.04,0.235647355164
6,0.9,0.7,0.06,0.228493702771
6,0.9,0.7,0.08,0.229198992443
6,0.9,0.7,0.1,0.227486146096
6,0.9,0.7,0.12,0.219848866499
6,0.9,0.7,0.14,0.228574307305
6,0.9,0.7,0.16,0.211848866499
6,0.9,0.7,0.18,0.216826196474
6,0.9,0.8,0.02,0.22923929471
6,0.9,0.8,0.04,0.229843828715
6,0.9,0.8,0.06,0.221098236776
6,0.9,0.8,0.08,0.231375314861
6,0.9,0.8,0.1,0.228191435768
6,0.9,0.8,0.12,0.227324937028
6,0.9,0.8,0.14,0.21035768262
6,0.9,0.8,0.16,0.209088161209
6,0.9,0.8,0.18,0.209571788413
6,0.9,0.9,0.02,0.234337531486
6,0.9,0.9,0.04,0.231576826196
6,0.9,0.9,0.06,0.225229219144
6,0.9,0.9,0.08,0.22958186398
6,0.9,0.9,0.1,0.224765743073
6,0.9,0.9,0.12,0.211405541562
6,0.9,0.9,0.14,0.205904282116
6,0.9,0.9,0.16,0.217430730479
6,0.9,0.9,0.18,0.199617128463
6,0.9,1.0,0.02,0.228896725441
6,0.9,1.0,0.04,0.229803526448
6,0.9,1.0,0.06,0.226700251889
6,0.9,1.0,0.08,0.226458438287
6,0.9,1.0,0.1,0.22716372796
6,0.9,1.0,0.12,0.21519395466
6,0.9,1.0,0.14,0.215375314861
6,0.9,1.0,0.16,0.211445843829
6,0.9,1.0,0.18,0.215476070529
6,1.0,0.5,0.02,0.234256926952
6,1.0,0.5,0.04,0.228050377834
6,1.0,0.5,0.06,0.227586901763
6,1.0,0.5,0.08,0.227546599496
6,1.0,0.5,0.1,0.215274559194
6,1.0,0.5,0.12,0.220755667506
6,1.0,0.5,0.14,0.214952141058
6,1.0,0.5,0.16,0.218196473552
6,1.0,0.5,0.18,0.21404534005
6,1.0,0.6,0.02,0.236755667506
6,1.0,0.6,0.04,0.225934508816
6,1.0,0.6,0.06,0.230589420655
6,1.0,0.6,0.08,0.22520906801
6,1.0,0.6,0.1,0.230770780856
6,1.0,0.6,0.12,0.229420654912
6,1.0,0.6,0.14,0.22164231738
6,1.0,0.6,0.16,0.220654911839
6,1.0,0.6,0.18,0.221319899244
6,1.0,0.7,0.02,0.232
6,1.0,0.7,0.04,0.239496221662
6,1.0,0.7,0.06,0.228574307305
6,1.0,0.7,0.08,0.221118387909
6,1.0,0.7,0.1,0.226740554156
6,1.0,0.7,0.12,0.224443324937
6,1.0,0.7,0.14,0.227607052897
6,1.0,0.7,0.16,0.214770780856
6,1.0,0.7,0.18,0.208785894207
6,1.0,0.8,0.02,0.229783375315
6,1.0,0.8,0.04,0.232080604534
6,1.0,0.8,0.06,0.225370277078
6,1.0,0.8,0.08,0.232987405542
6,1.0,0.8,0.1,0.229481108312
6,1.0,0.8,0.12,0.227465994962
6,1.0,0.8,0.14,0.229219143577
6,1.0,0.8,0.16,0.214690176322
6,1.0,0.8,0.18,0.223959697733
6,1.0,0.9,0.02,0.232040302267
6,1.0,0.9,0.04,0.231899244332
6,1.0,0.9,0.06,0.230065491184
6,1.0,0.9,0.08,0.229884130982
6,1.0,0.9,0.1,0.212654911839
6,1.0,0.9,0.12,0.228292191436
6,1.0,0.9,0.14,0.211425692695
6,1.0,0.9,0.16,0.21801511335
6,1.0,0.9,0.18,0.208080604534
6,1.0,1.0,0.02,0.230267002519
6,1.0,1.0,0.04,0.228272040302
6,1.0,1.0,0.06,0.224503778338
6,1.0,1.0,0.08,0.220070528967
6,1.0,1.0,0.1,0.217813602015
6,1.0,1.0,0.12,0.21243324937
6,1.0,1.0,0.14,0.215738035264
6,1.0,1.0,0.16,0.225249370277
6,1.0,1.0,0.18,0.223919395466