5,0.5,0.5,0.02,0.19643324937
5,0.5,0.5,0.04,0.194579345088
5,0.5,0.5,0.06,0.19085138539
5,0.5,0.5,0.08,0.184322418136
5,0.5,0.5,0.1,0.179526448363
5,0.5,0.5,0.12,0.181118387909
5,0.5,0.5,0.14,0.180634760705
5,0.5,0.5,0.16,0.177833753149
5,0.5,0.5,0.18,0.175415617128
5,0.5,0.6,0.02,0.201672544081
5,0.5,0.6,0.04,0.199556675063
5,0.5,0.6,0.06,0.192523929471
5,0.5,0.6,0.08,0.19562720403
5,0.5,0.6,0.1,0.18756675063
5,0.5,0.6,0.12,0.189481108312
5,0.5,0.6,0.14,0.179768261965
5,0.5,0.6,0.16,0.163183879093
5,0.5,0.6,0.18,0.178700251889
5,0.5,0.7,0.02,0.195989924433
5,0.5,0.7,0.04,0.194055415617
5,0.5,0.7,0.06,0.186136020151
5,0.5,0.7,0.08,0.187425692695
5,0.5,0.7,0.1,0.182649874055
5,0.5,0.7,0.12,0.183778337531
5,0.5,0.7,0.14,0.172997481108
5,0.5,0.7,0.16,0.180211586902
5,0.5,0.7,0.18,0.176080604534
5,0.5,0.8,0.02,0.196574307305
5,0.5,0.8,0.04,0.194478589421
5,0.5,0.8,0.06,0.189602015113
5,0.5,0.8,0.08,0.18555163728
5,0.5,0.8,0.1,0.189682619647
5,0.5,0.8,0.12,0.17801511335
5,0.5,0.8,0.14,0.174992443325
5,0.5,0.8,0.16,0.172896725441
5,0.5,0.8,0.18,0.16961209068
5,0.5,0.9,0.02,0.198287153652
5,0.5,0.9,0.04,0.191697732997
5,0.5,0.9,0.06,0.188211586902
5,0.5,0.9,0.08,0.186740554156
5,0.5,0.9,0.1,0.181944584383
5,0.5,0.9,0.12,0.180675062972
5,0.5,0.9,0.14,0.178216624685
5,0.5,0.9,0.16,0.17634256927
5,0.5,0.9,0.18,0.185188916877
5,0.5,1.0,0.02,0.198005037783
5,0.5,1.0,0.04,0.198871536524
5,0.5,1.0,0.06,0.194236775819
5,0.5,1.0,0.08,0.194599496222
5,0.5,1.0,0.1,0.189481108312
5,0.5,1.0,0.12,0.189138539043
5,0.5,1.0,0.14,0.184120906801
5,0.5,1.0,0.16,0.178377833753
5,0.5,1.0,0.18,0.178337531486
5,0.6,0.5,0.02,0.199335012594
5,0.6,0.5,0.04,0.199617128463
5,0.6,0.5,0.06,0.194377833753
5,0.6,0.5,0.08,0.184785894207
5,0.6,0.5,0.1,0.186136020151
5,0.6,0.5,0.12,0.183335012594
5,0.6,0.5,0.14,0.178397984887
5,0.6,0.5,0.16,0.171768261965
5,0.6,0.5,0.18,0.177712846348
5,0.6,0.6,0.02,0.19717884131
5,0.6,0.6,0.04,0.198468513854
5,0.6,0.6,0.06,0.198589420655
5,0.6,0.6,0.08,0.195486146096
5,0.6,0.6,0.1,0.183516372796
5,0.6,0.6,0.12,0.189904282116
5,0.6,0.6,0.14,0.182589420655
5,0.6,0.6,0.16,0.17116372796
5,0.6,0.6,0.18,0.173037783375
5,0.6,0.7,0.02,0.190609571788
5,0.6,0.7,0.04,0.198468513854
5,0.6,0.7,0.06,0.194841309824
5,0.6,0.7,0.08,0.183617128463
5,0.6,0.7,0.1,0.194377833753
5,0.6,0.7,0.12,0.189964735516
5,0.6,0.7,0.14,0.171909319899
5,0.6,0.7,0.16,0.178599496222
5,0.6,0.7,0.18,0.185471032746
5,0.6,0.8,0.02,0.195183879093
5,0.6,0.8,0.04,0.201753148615
5,0.6,0.8,0.06,0.189561712846
5,0.6,0.8,0.08,0.184785894207
5,0.6,0.8,0.1,0.183173803526
5,0.6,0.8,0.12,0.18601511335
5,0.6,0.8,0.14,0.180957178841
5,0.6,0.8,0.16,0.186740554156
5,0.6,0.8,0.18,0.173017632242
5,0.6,0.9,0.02,0.197078085642
5,0.6,0.9,0.04,0.19482115869
5,0.6,0.9,0.06,0.184906801008
5,0.6,0.9,0.08,0.182750629723
5,0.6,0.9,0.1,0.180453400504
5,0.6,0.9,0.12,0.187768261965
5,0.6,0.9,0.14,0.185732997481
5,0.6,0.9,0.16,0.182146095718
5,0.6,0.9,0.18,0.182327455919
5,0.6,1.0,0.02,0.202156171285
5,0.6,1.0,0.04,0.190186397985
5,0.6,1.0,0.06,0.19723929471
5,0.6,1.0,0.08,0.199879093199
5,0.6,1.0,0.1,0.187748110831
5,0.6,1.0,0.12,0.189118387909
5,0.6,1.0,0.14,0.18434256927
5,0.6,1.0,0.16,0.189259445844
5,0.6,1.0,0.18,0.175516372796
5,0.7,0.5,0.02,0.198085642317
5,0.7,0.5,0.04,0.202700251889
5,0.7,0.5,0.06,0.192302267003
5,0.7,0.5,0.08,0.192060453401
5,0.7,0.5,0.1,0.18756675063
5,0.7,0.5,0.12,0.191838790932
5,0.7,0.5,0.14,0.180272040302
5,0.7,0.5,0.16,0.18716372796
5,0.7,0.5,0.18,0.183617128463
5,0.7,0.6,0.02,0.198710327456
5,0.7,0.6,0.04,0.195848866499
5,0.7,0.6,0.06,0.190972292191
5,0.7,0.6,0.08,0.197198992443
5,0.7,0.6,0.1,0.200584382872
5,0.7,0.6,0.12,0.194498740554
5,0.7,0.6,0.14,0.176947103275
5,0.7,0.6,0.16,0.192544080605
5,0.7,0.6,0.18,0.177934508816
5,0.7,0.7,0.02,0.197662468514
5,0.7,0.7,0.04,0.194559193955
5,0.7,0.7,0.06,0.191939546599
5,0.7,0.7,0.08,0.186720403023
5,0.7,0.7,0.1,0.19234256927
5,0.7,0.7,0.12,0.185128463476
5,0.7,0.7,0.14,0.190629722922
5,0.7,0.7,0.16,0.197219143577
5,0.7,0.7,0.18,0.189279596977
5,0.7,0.8,0.02,0.196272040302
5,0.7,0.8,0.04,0.200181360202
5,0.7,0.8,0.06,0.198549118388
5,0.7,0.8,0.08,0.195324937028
5,0.7,0.8,0.1,0.186277078086
5,0.7,0.8,0.12,0.182931989924
5,0.7,0.8,0.14,0.180654911839
5,0.7,0.8,0.16,0.170740554156
5,0.7,0.8,0.18,0.19119395466
5,0.7,0.9,0.02,0.198609571788
5,0.7,0.9,0.04,0.1960302267
5,0.7,0.9,0.06,0.193672544081
5,0.7,0.9,0.08,0.192685138539
5,0.7,0.9,0.1,0.181057934509
5,0.7,0.9,0.12,0.192725440806
5,0.7,0.9,0.14,0.172594458438
5,0.7,0.9,0.16,0.175858942065
5,0.7,0.9,0.18,0.174347607053
5,0.7,1.0,0.02,0.201692695214
5,0.7,1.0,0.04,0.200785894207
5,0.7,1.0,0.06,0.191879093199
5,0.7,1.0,0.08,0.190992443325
5,0.7,1.0,0.1,0.183214105793
5,0.7,1.0,0.12,0.186881612091
5,0.7,1.0,0.14,0.189863979849
5,0.7,1.0,0.16,0.183476070529
5,0.7,1.0,0.18,0.181561712846
5,0.8,0.5,0.02,0.198549118388
5,0.8,0.5,0.04,0.20201511335
5,0.8,0.5,0.06,0.186942065491
5,0.8,0.5,0.08,0.193813602015
5,0.8,0.5,0.1,0.190468513854
5,0.8,0.5,0.12,0.191314861461
5,0.8,0.5,0.14,0.182287153652
5,0.8,0.5,0.16,0.185833753149
5,0.8,0.5,0.18,0.18595465995
5,0.8,0.6,0.02,0.201229219144
5,0.8,0.6,0.04,0.197118387909
5,0.8,0.6,0.06,0.189924433249
5,0.8,0.6,0.08,0.198488664987
5,0.8,0.6,0.1,0.197763224181
5,0.8,0.6,0.12,0.182670025189
5,0.8,0.6,0.14,0.182609571788
5,0.8,0.6,0.16,0.188795969773
5,0.8,0.6,0.18,0.188110831234
5,0.8,0.7,0.02,0.202377833753
5,0.8,0.7,0.04,0.195586901763
5,0.8,0.7,0.06,0.190166246851
5,0.8,0.7,0.08,0.192604534005
5,0.8,0.7,0.1,0.195405541562
5,0.8,0.7,0.12,0.193652392947
5,0.8,0.7,0.14,0.182589420655
5,0.8,0.7,0.16,0.195324937028
5,0.8,0.7,0.18,0.188675062972
5,0.8,0.8,0.02,0.199052896725
5,0.8,0.8,0.04,0.194377833753
5,0.8,0.8,0.06,0.196816120907
5,0.8,0.8,0.08,0.195244332494
5,0.8,0.8,0.1,0.19401511335
5,0.8,0.8,0.12,0.192
5,0.8,0.8,0.14,0.188110831234
5,0.8,0.8,0.16,0.183858942065
5,0.8,0.8,0.18,0.181037783375
5,0.8,0.9,0.02,0.196675062972
5,0.8,0.9,0.04,0.193692695214
5,0.8,0.9,0.06,0.199919395466
5,0.8,0.9,0.08,0.18561209068
5,0.8,0.9,0.1,0.185491183879
5,0.8,0.9,0.12,0.189763224181
5,0.8,0.9,0.14,0.184201511335
5,0.8,0.9,0.16,0.183173803526
5,0.8,0.9,0.18,0.17559697733
5,0.8,1.0,0.02,0.198166246851
5,0.8,1.0,0.04,0.194921914358
5,0.8,1.0,0.06,0.191979848866
5,0.8,1.0,0.08,0.188957178841
5,0.8,1.0,0.1,0.198710327456
5,0.8,1.0,0.12,0.193571788413
5,0.8,1.0,0.14,0.179909319899
5,0.8,1.0,0.16,0.184322418136
5,0.8,1.0,0.18,0.184886649874
5,0.9,0.5,0.02,0.199073047859
5,0.9,0.5,0.04,0.200302267003
5,0.9,0.5,0.06,0.194780856423
5,0.9,0.5,0.08,0.197360201511
5,0.9,0.5,0.1,0.194599496222
5,0.9,0.5,0.12,0.179768261965
5,0.9,0.5,0.14,0.193672544081
5,0.9,0.5,0.16,0.187405541562
5,0.9,0.5,0.18,0.178539042821
5,0.9,0.6,0.02,0.202539042821
5,0.9,0.6,0.04,0.198972292191
5,0.9,0.6,0.06,0.199516372796
5,0.9,0.6,0.08,0.192866498741
5,0.9,0.6,0.1,0.18682115869
5,0.9,0.6,0.12,0.191959697733
5,0.9,0.6,0.14,0.184322418136
5,0.9,0.6,0.16,0.194297229219
5,0.9,0.6,0.18,0.175455919395
5,0.9,0.7,0.02,0.203667506297
5,0.9,0.7,0.04,0.194478589421
5,0.9,0.7,0.06,0.19401511335
5,0.9,0.7,0.08,0.205198992443
5,0.9,0.7,0.1,0.190267002519
5,0.9,0.7,0.12,0.188010075567
5,0.9,0.7,0.14,0.202136020151
5,0.9,0.7,0.16,0.187647355164
5,0.9,0.7,0.18,0.181481108312
5,0.9,0.8,0.02,0.198367758186
5,0.9,0.8,0.04,0.194297229219
5,0.9,0.8,0.06,0.192725440806
5,0.9,0.8,0.08,0.201289672544
5,0.9,0.8,0.1,0.19885138539
5,0.9,0.8,0.12,0.19556675063
5,0.9,0.8,0.14,0.19004534005
5,0.9,0.8,0.16,0.183395465995
5,0.9,0.8,0.18,0.189118387909
5,0.9,0.9,0.02,0.200906801008
5,0.9,0.9,0.04,0.201934508816
5,0.9,0.9,0.06,0.195526448363
5,0.9,0.9,0.08,0.187506297229
5,0.9,0.9,0.1,0.187103274559
5,0.9,0.9,0.12,0.185732997481
5,0.9,0.9,0.14,0.188231738035
5,0.9,0.9,0.16,0.183133501259
5,0.9,0.9,0.18,0.18520906801
5,0.9,1.0,0.02,0.199032745592
5,0.9,1.0,0.04,0.191798488665
5,0.9,1.0,0.06,0.18877581864
5,0.9,1.0,0.08,0.188594458438
5,0.9,1.0,0.1,0.192322418136
5,0.9,1.0,0.12,0.189783375315
5,0.9,1.0,0.14,0.188816120907
5,0.9,1.0,0.16,0.175314861461
5,0.9,1.0,0.18,0.181803526448
5,1.0,0.5,0.02,0.20161209068
5,1.0,0.5,0.04,0.196654911839
5,1.0,0.5,0.06,0.190811083123
5,1.0,0.5,0.08,0.18635768262
5,1.0,0.5,0.1,0.186498740554
5,1.0,0.5,0.12,0.195808564232
5,1.0,0.5,0.14,0.179244332494
5,1.0,0.5,0.16,0.182649874055
5,1.0,0.5,0.18,0.198428211587
5,1.0,0.6,0.02,0.197763224181
5,1.0,0.6,0.04,0.193410579345
5,1.0,0.6,0.06,0.198307304786
5,1.0,0.6,0.08,0.1879697733
5,1.0,0.6,0.1,0.1879697733
5,1.0,0.6,0.12,0.185007556675
5,1.0,0.6,0.14,0.184302267003
5,1.0,0.6,0.16,0.185793450882
5,1.0,0.6,0.18,0.173622166247
5,1.0,0.7,0.02,0.198972292191
5,1.0,0.7,0.04,0.199899244332
5,1.0,0.7,0.06,0.200463476071
5,1.0,0.7,0.08,0.194498740554
5,1.0,0.7,0.1,0.19395465995
5,1.0,0.7,0.12,0.190468513854
5,1.0,0.7,0.14,0.18682115869
5,1.0,0.7,0.16,0.187365239295
5,1.0,0.7,0.18,0.187889168766
5,1.0,0.8,0.02,0.200866498741
5,1.0,0.8,0.04,0.19516372796
5,1.0,0.8,0.06,0.196675062972
5,1.0,0.8,0.08,0.189481108312
5,1.0,0.8,0.1,0.182750629723
5,1.0,0.8,0.12,0.19240302267
5,1.0,0.8,0.14,0.188191435768
5,1.0,0.8,0.16,0.183496221662
5,1.0,0.8,0.18,0.179869017632
5,1.0,0.9,0.02,0.198952141058
5,1.0,0.9,0.04,0.198166246851
5,1.0,0.9,0.06,0.195506297229
5,1.0,0.9,0.08,0.199778337531
5,1.0,0.9,0.1,0.185853904282
5,1.0,0.9,0.12,0.18164231738
5,1.0,0.9,0.14,0.180534005038
5,1.0,0.9,0.16,0.184846347607
5,1.0,0.9,0.18,0.173803526448
5,1.0,1.0,0.02,0.197884130982
5,1.0,1.0,0.04,0.188151133501
5,1.0,1.0,0.06,0.18837279597
5,1.0,1.0,0.08,0.187445843829
5,1.0,1.0,0.1,0.188453400504
5,1.0,1.0,0.12,0.189924433249
5,1.0,1.0,0.14,0.176926952141
5,1.0,1.0,0.16,0.181682619647
5,1.0,1.0,0.18,0.178377833753
3,0.5,0.5,0.02,0.18682115869
3,0.5,0.5,0.04,0.187526448363
3,0.5,0.5,0.06,0.182146095718
3,0.5,0.5,0.08,0.185753148615
3,0.5,0.5,0.1,0.186277078086
3,0.5,0.5,0.12,0.183879093199
3,0.5,0.5,0.14,0.175314861461
3,0.5,0.5,0.16,0.175717884131
3,0.5,0.5,0.18,0.173682619647
3,0.5,0.6,0.02,0.192302267003
3,0.5,0.6,0.04,0.192080604534
3,0.5,0.6,0.06,0.182428211587
3,0.5,0.6,0.08,0.186397984887
3,0.5,0.6,0.1,0.195586901763
3,0.5,0.6,0.12,0.180090680101
3,0.5,0.6,0.14,0.183556675063
3,0.5,0.6,0.16,0.185229219144
3,0.5,0.6,0.18,0.181803526448
3,0.5,0.7,0.02,0.187324937028
3,0.5,0.7,0.04,0.183798488665
3,0.5,0.7,0.06,0.188916876574
3,0.5,0.7,0.08,0.180493702771
3,0.5,0.7,0.1,0.183979848866
3,0.5,0.7,0.12,0.177531486146
3,0.5,0.7,0.14,0.176040302267
3,0.5,0.7,0.16,0.17761209068
3,0.5,0.7,0.18,0.184987405542
3,0.5,0.8,0.02,0.185007556675
3,0.5,0.8,0.04,0.183415617128
3,0.5,0.8,0.06,0.184765743073
3,0.5,0.8,0.08,0.187405541562
3,0.5,0.8,0.1,0.187768261965
3,0.5,0.8,0.12,0.177692695214
3,0.5,0.8,0.14,0.18365743073
3,0.5,0.8,0.16,0.175677581864
3,0.5,0.8,0.18,0.177269521411
3,0.5,0.9,0.02,0.187425692695
3,0.5,0.9,0.04,0.185309823678
3,0.5,0.9,0.06,0.175858942065
3,0.5,0.9,0.08,0.179949622166
3,0.5,0.9,0.1,0.176423173804
3,0.5,0.9,0.12,0.174246851385
3,0.5,0.9,0.14,0.172937027708
3,0.5,0.9,0.16,0.181702770781
3,0.5,0.9,0.18,0.175536523929
3,0.5,1.0,0.02,0.192221662469
3,0.5,1.0,0.04,0.184100755668
3,0.5,1.0,0.06,0.180896725441
3,0.5,1.0,0.08,0.191093198992
3,0.5,1.0,0.1,0.181944584383
3,0.5,1.0,0.12,0.180654911839
3,0.5,1.0,0.14,0.178397984887
3,0.5,1.0,0.16,0.184382871537
3,0.5,1.0,0.18,0.180292191436
3,0.6,0.5,0.02,0.191093198992
3,0.6,0.5,0.04,0.182952141058
3,0.6,0.5,0.06,0.180916876574
3,0.6,0.5,0.08,0.188090680101
3,0.6,0.5,0.1,0.19085138539
3,0.6,0.5,0.12,0.195002518892
3,0.6,0.5,0.14,0.189702770781
3,0.6,0.5,0.16,0.179345088161
3,0.6,0.5,0.18,0.181481108312
3,0.6,0.6,0.02,0.189400503778
3,0.6,0.6,0.04,0.185350125945
3,0.6,0.6,0.06,0.180151133501
3,0.6,0.6,0.08,0.186841309824
3,0.6,0.6,0.1,0.176765743073
3,0.6,0.6,0.12,0.177068010076
3,0.6,0.6,0.14,0.186176322418
3,0.6,0.6,0.16,0.182488664987
3,0.6,0.6,0.18,0.185692695214
3,0.6,0.7,0.02,0.184886649874
3,0.6,0.7,0.04,0.180191435768
3,0.6,0.7,0.06,0.187586901763
3,0.6,0.7,0.08,0.18434256927
3,0.6,0.7,0.1,0.179869017632
3,0.6,0.7,0.12,0.174246851385
3,0.6,0.7,0.14,0.174629722922
3,0.6,0.7,0.16,0.171889168766
3,0.6,0.7,0.18,0.18561209068
3,0.6,0.8,0.02,0.186861460957
3,0.6,0.8,0.04,0.182609571788
3,0.6,0.8,0.06,0.191093198992
3,0.6,0.8,0.08,0.188816120907
3,0.6,0.8,0.1,0.187304785894
3,0.6,0.8,0.12,0.192423173804
3,0.6,0.8,0.14,0.17714861461
3,0.6,0.8,0.16,0.17243324937
3,0.6,0.8,0.18,0.177370277078
3,0.6,0.9,0.02,0.189521410579
3,0.6,0.9,0.04,0.182246851385
3,0.6,0.9,0.06,0.178740554156
3,0.6,0.9,0.08,0.185329974811
3,0.6,0.9,0.1,0.175415617128
3,0.6,0.9,0.12,0.172292191436
3,0.6,0.9,0.14,0.175052896725
3,0.6,0.9,0.16,0.172191435768
3,0.6,0.9,0.18,0.183576826196
3,0.6,1.0,0.02,0.18877581864
3,0.6,1.0,0.04,0.187425692695
3,0.6,1.0,0.06,0.188977329975
3,0.6,1.0,0.08,0.187768261965
3,0.6,1.0,0.1,0.180876574307
3,0.6,1.0,0.12,0.175677581864
3,0.6,1.0,0.14,0.182246851385
3,0.6,1.0,0.16,0.189017632242
3,0.6,1.0,0.18,0.183879093199
3,0.7,0.5,0.02,0.193430730479
3,0.7,0.5,0.04,0.189057934509
3,0.7,0.5,0.06,0.18716372796
3,0.7,0.5,0.08,0.190166246851
3,0.7,0.5,0.1,0.188413098237
3,0.7,0.5,0.12,0.181904282116
3,0.7,0.5,0.14,0.183959697733
3,0.7,0.5,0.16,0.185531486146
3,0.7,0.5,0.18,0.181259445844
3,0.7,0.6,0.02,0.190287153652
3,0.7,0.6,0.04,0.18635768262
3,0.7,0.6,0.06,0.186256926952
3,0.7,0.6,0.08,0.190871536524
3,0.7,0.6,0.1,0.193128463476
3,0.7,0.6,0.12,0.187647355164
3,0.7,0.6,0.14,0.182609571788
3,0.7,0.6,0.16,0.186397984887
3,0.7,0.6,0.18,0.182206549118
3,0.7,0.7,0.02,0.189259445844
3,0.7,0.7,0.04,0.184463476071
3,0.7,0.7,0.06,0.186659949622
3,0.7,0.7,0.08,0.184201511335
3,0.7,0.7,0.1,0.183617128463
3,0.7,0.7,0.12,0.18762720403
3,0.7,0.7,0.14,0.181561712846
3,0.7,0.7,0.16,0.172534005038
3,0.7,0.7,0.18,0.179949622166
3,0.7,0.8,0.02,0.185914357683
3,0.7,0.8,0.04,0.186579345088
3,0.7,0.8,0.06,0.192100755668
3,0.7,0.8,0.08,0.18716372796
3,0.7,0.8,0.1,0.182730478589
3,0.7,0.8,0.12,0.19355163728
3,0.7,0.8,0.14,0.179042821159
3,0.7,0.8,0.16,0.182871536524
3,0.7,0.8,0.18,0.177471032746
3,0.7,0.9,0.02,0.190226700252
3,0.7,0.9,0.04,0.187465994962
3,0.7,0.9,0.06,0.187304785894
3,0.7,0.9,0.08,0.190146095718
3,0.7,0.9,0.1,0.182085642317
3,0.7,0.9,0.12,0.186136020151
3,0.7,0.9,0.14,0.180130982368
3,0.7,0.9,0.16,0.176382871537
3,0.7,0.9,0.18,0.174025188917
3,0.7,1.0,0.02,0.189440806045
3,0.7,1.0,0.04,0.186619647355
3,0.7,1.0,0.06,0.191778337531
3,0.7,1.0,0.08,0.181360201511
3,0.7,1.0,0.1,0.177450881612
3,0.7,1.0,0.12,0.184705289673
3,0.7,1.0,0.14,0.183516372796
3,0.7,1.0,0.16,0.178619647355
3,0.7,1.0,0.18,0.180191435768
3,0.8,0.5,0.02,0.188211586902
3,0.8,0.5,0.04,0.190287153652
3,0.8,0.5,0.06,0.188231738035
3,0.8,0.5,0.08,0.187083123426
3,0.8,0.5,0.1,0.187465994962
3,0.8,0.5,0.12,0.182488664987
3,0.8,0.5,0.14,0.185591939547
3,0.8,0.5,0.16,0.18319395466
3,0.8,0.5,0.18,0.180473551637
3,0.8,0.6,0.02,0.189904282116
3,0.8,0.6,0.04,0.18595465995
3,0.8,0.6,0.06,0.189440806045
3,0.8,0.6,0.08,0.186740554156
3,0.8,0.6,0.1,0.185571788413
3,0.8,0.6,0.12,0.187002518892
3,0.8,0.6,0.14,0.184584382872
3,0.8,0.6,0.16,0.182609571788
3,0.8,0.6,0.18,0.190730478589
3,0.8,0.7,0.02,0.18716372796
3,0.8,0.7,0.04,0.182952141058
3,0.8,0.7,0.06,0.191173803526
3,0.8,0.7,0.08,0.187788413098
3,0.8,0.7,0.1,0.187909319899
3,0.8,0.7,0.12,0.183173803526
3,0.8,0.7,0.14,0.186277078086
3,0.8,0.7,0.16,0.189843828715
3,0.8,0.7,0.18,0.183617128463
3,0.8,0.8,0.02,0.191778337531
3,0.8,0.8,0.04,0.189964735516
3,0.8,0.8,0.06,0.186841309824
3,0.8,0.8,0.08,0.187103274559
3,0.8,0.8,0.1,0.192685138539
3,0.8,0.8,0.12,0.185632241814
3,0.8,0.8,0.14,0.183758186398
3,0.8,0.8,0.16,0.184564231738
3,0.8,0.8,0.18,0.177108312343
3,0.8,0.9,0.02,0.191052896725
3,0.8,0.9,0.04,0.188957178841
3,0.8,0.9,0.06,0.188614609572
3,0.8,0.9,0.08,0.185450881612
3,0.8,0.9,0.1,0.184302267003
3,0.8,0.9,0.12,0.184664987406
3,0.8,0.9,0.14,0.181340050378
3,0.8,0.9,0.16,0.173602015113
3,0.8,0.9,0.18,0.1799697733
3,0.8,1.0,0.02,0.190327455919
3,0.8,1.0,0.04,0.193350125945
3,0.8,1.0,0.06,0.185047858942
3,0.8,1.0,0.08,0.189138539043
3,0.8,1.0,0.1,0.185571788413